K =

   1.0e+03 *

   3.367907059719495                   0   2.091030392617472
                   0   3.392768272051243   1.572523700957307
                   0                   0   0.001000000000000


fx = 3.367907059719495e+03


fy = 3.392768272051243e+03


u0 = 2.091030392617472e+03


v0 = 1.572523700957307e+03


alfa = 0.992672292848130