K =

   1.0e+03 *

   3.327516509370050                   0   2.100856628676403
                   0   3.399949644133486   1.682536922340478
                   0                   0   0.001000000000000


fx = 3.327516509370050e+03


fy = 3.399949644133486e+03


u0 = 2.100856628676403e+03


v0 = 1.682536922340478e+03


alfa = 0.978695821307702
