K =

   1.0e+03 *

   3.322361378031902                   0   2.100901897735311
                   0   3.398639154104814   1.691795005370728
                   0                   0   0.001000000000000


fx = 3.322361378031901e+03


fy = 3.398639154104814e+03


u0 = 2.100901897735311e+03


v0 = 1.691795005370728e+03


alfa = 0.977556376945524
