K =

   1.0e+03 *

   3.322361378031897                   0   2.100901897735313
                   0   3.398639154104813   1.691795005370738
                   0                   0   0.001000000000000


fx = 3.322361378031897e+03


fy = 3.398639154104813e+03


u0 = 2.100901897735313e+03


v0 = 1.691795005370738e+03


alfa = 1.022958904042552